
 ===== Use of Backtracking Algorithm on Sudoku problems =====

---------------------------------------
Sudoku 9x9 experiments
Initial status loaded from file: 'Sudoku9.csv' | id: 1 | difficulty: 0
 6 2 5 0 0 1 0 0 8
 0 7 0 0 8 0 0 0 6
 8 0 0 0 0 0 0 0 0
 2 0 0 0 0 4 0 0 0
 0 4 0 0 1 0 3 0 0
 0 0 0 0 0 0 1 0 0
 0 0 0 0 0 7 0 3 2
 0 0 0 0 0 6 0 9 0
 0 8 4 0 3 0 0 0 0

Solution found: 
 6 2 5 3 7 1 9 4 8
 4 7 3 9 8 5 2 1 6
 8 1 9 4 6 2 7 5 3
 2 3 1 7 9 4 6 8 5
 5 4 7 6 1 8 3 2 9
 9 6 8 5 2 3 1 7 4
 1 9 6 8 5 7 4 3 2
 3 5 2 1 4 6 8 9 7
 7 8 4 2 3 9 5 6 1

Time in µs: 31587


Initial status loaded from file: 'Sudoku9.csv' | id: 2 | difficulty: 0
 0 0 0 8 0 9 0 0 0
 0 0 4 0 0 0 7 0 0
 8 0 0 0 5 0 0 0 2
 0 6 0 0 0 0 0 2 4
 0 0 0 0 0 0 0 5 0
 9 1 0 0 8 0 0 0 3
 6 0 0 0 3 0 0 0 0
 0 0 1 0 0 4 0 0 6
 0 0 8 1 0 5 0 0 0

Solution found: 
 1 2 7 8 4 9 3 6 5
 5 3 4 2 1 6 7 9 8
 8 9 6 3 5 7 4 1 2
 7 6 3 5 9 1 8 2 4
 4 8 2 6 7 3 1 5 9
 9 1 5 4 8 2 6 7 3
 6 5 9 7 3 8 2 4 1
 3 7 1 9 2 4 5 8 6
 2 4 8 1 6 5 9 3 7

Time in µs: 16319


Initial status loaded from file: 'Sudoku9.csv' | id: 3 | difficulty: 0
 0 0 0 0 0 6 4 0 0
 7 0 4 0 0 0 5 0 0
 0 0 0 8 0 0 6 9 0
 6 0 0 0 9 1 0 0 5
 0 0 3 0 0 4 0 0 0
 5 0 7 0 0 3 1 0 0
 0 3 0 6 0 0 0 7 0
 0 0 0 4 0 0 0 0 0
 0 0 1 0 0 0 0 8 0

Solution found: 
 3 9 8 1 5 6 4 2 7
 7 6 4 3 2 9 5 1 8
 1 2 5 8 4 7 6 9 3
 6 4 2 7 9 1 8 3 5
 9 1 3 5 8 4 7 6 2
 5 8 7 2 6 3 1 4 9
 8 3 9 6 1 5 2 7 4
 2 7 6 4 3 8 9 5 1
 4 5 1 9 7 2 3 8 6

Time in µs: 5481


Initial status loaded from file: 'Sudoku9.csv' | id: 4 | difficulty: 0
 0 0 7 0 5 0 3 9 0
 0 1 0 6 4 0 0 0 0
 0 0 0 0 0 1 0 0 0
 0 0 1 0 3 6 0 0 0
 7 0 0 0 0 8 5 0 0
 8 0 4 0 0 0 9 0 3
 0 0 0 9 0 0 0 7 0
 6 0 3 0 8 0 0 0 0
 0 4 8 0 0 0 2 0 0

Solution found: 
 4 6 7 8 5 2 3 9 1
 3 1 2 6 4 9 7 8 5
 5 8 9 3 7 1 6 2 4
 2 9 1 5 3 6 8 4 7
 7 3 6 4 9 8 5 1 2
 8 5 4 1 2 7 9 6 3
 1 2 5 9 6 3 4 7 8
 6 7 3 2 8 4 1 5 9
 9 4 8 7 1 5 2 3 6

Time in µs: 1548


Initial status loaded from file: 'Sudoku9.csv' | id: 5 | difficulty: 0
 0 0 0 0 0 0 2 0 6
 0 0 0 7 0 0 0 0 8
 0 5 0 0 0 0 0 0 3
 6 0 1 0 5 0 3 2 0
 0 0 0 0 3 7 0 0 0
 0 0 2 0 0 0 0 0 0
 9 0 0 0 7 0 0 0 0
 0 0 3 6 0 0 4 9 1
 5 0 0 8 1 0 0 0 0

Solution found: 
 1 4 8 5 9 3 2 7 6
 3 6 9 7 4 2 5 1 8
 2 5 7 1 8 6 9 4 3
 6 7 1 4 5 8 3 2 9
 8 9 5 2 3 7 1 6 4
 4 3 2 9 6 1 7 8 5
 9 1 6 3 7 4 8 5 2
 7 8 3 6 2 5 4 9 1
 5 2 4 8 1 9 6 3 7

Time in µs: 21109


Initial status loaded from file: 'Sudoku9.csv' | id: 6 | difficulty: 1
 3 0 0 0 0 0 0 9 0
 4 0 0 0 9 0 2 1 6
 0 0 7 0 4 0 0 0 0
 0 0 9 0 5 1 0 0 2
 0 8 0 0 0 0 3 0 0
 0 0 0 0 0 9 0 5 0
 0 4 0 0 0 0 0 2 0
 0 1 0 8 0 0 0 0 3
 0 0 0 0 1 6 4 0 0

Solution found: 
 3 2 1 5 6 8 7 9 4
 4 5 8 7 9 3 2 1 6
 9 6 7 1 4 2 5 3 8
 6 3 9 4 5 1 8 7 2
 1 8 5 6 2 7 3 4 9
 2 7 4 3 8 9 6 5 1
 8 4 6 9 3 5 1 2 7
 5 1 2 8 7 4 9 6 3
 7 9 3 2 1 6 4 8 5

Time in µs: 663


Initial status loaded from file: 'Sudoku9.csv' | id: 7 | difficulty: 1
 0 0 0 0 4 0 3 0 0
 0 0 1 0 0 0 0 6 0
 0 0 5 0 0 9 7 0 0
 0 4 3 8 0 0 0 0 2
 8 0 0 0 0 4 0 0 0
 0 0 7 0 0 1 0 0 0
 0 0 0 0 6 0 0 4 8
 1 0 0 0 0 0 0 0 0
 0 9 0 0 7 0 0 0 5

Solution found: 
 2 7 9 6 4 8 3 5 1
 4 3 1 2 5 7 8 6 9
 6 8 5 3 1 9 7 2 4
 5 4 3 8 9 6 1 7 2
 8 1 6 7 2 4 5 9 3
 9 2 7 5 3 1 4 8 6
 7 5 2 1 6 3 9 4 8
 1 6 4 9 8 5 2 3 7
 3 9 8 4 7 2 6 1 5

Time in µs: 7159


Initial status loaded from file: 'Sudoku9.csv' | id: 8 | difficulty: 1
 0 0 0 0 9 0 0 3 5
 0 7 3 0 0 0 2 0 0
 2 0 0 0 0 0 4 0 9
 3 0 0 7 0 4 0 0 0
 1 0 0 0 2 0 7 0 0
 0 5 0 0 0 0 6 4 0
 0 0 9 0 0 0 0 0 0
 7 0 0 0 0 6 3 9 0
 0 0 0 0 8 2 0 0 0

Solution found: 
 6 4 8 2 9 7 1 3 5
 9 7 3 4 1 5 2 8 6
 2 1 5 8 6 3 4 7 9
 3 2 6 7 5 4 9 1 8
 1 9 4 6 2 8 7 5 3
 8 5 7 1 3 9 6 4 2
 5 6 9 3 7 1 8 2 4
 7 8 2 5 4 6 3 9 1
 4 3 1 9 8 2 5 6 7

Time in µs: 12381


Initial status loaded from file: 'Sudoku9.csv' | id: 9 | difficulty: 1
 0 0 0 0 3 0 0 5 0
 0 8 0 0 0 5 0 0 1
 0 5 9 2 0 6 3 0 0
 4 2 0 5 0 0 0 0 0
 0 6 0 4 0 2 0 0 0
 0 0 0 0 0 9 0 0 5
 0 4 6 0 0 0 0 0 3
 0 0 0 0 0 7 8 0 0
 0 0 0 0 0 0 0 0 4

Solution found: 
 6 1 2 8 3 4 7 5 9
 3 8 4 7 9 5 2 6 1
 7 5 9 2 1 6 3 4 8
 4 2 1 5 7 3 9 8 6
 9 6 5 4 8 2 1 3 7
 8 3 7 1 6 9 4 2 5
 1 4 6 9 2 8 5 7 3
 5 9 3 6 4 7 8 1 2
 2 7 8 3 5 1 6 9 4

Time in µs: 18373


Initial status loaded from file: 'Sudoku9.csv' | id: 10 | difficulty: 1
 0 7 0 5 8 0 0 0 6
 0 0 0 2 0 9 0 1 0
 3 0 2 0 6 0 5 0 0
 0 0 0 0 0 0 0 3 0
 0 0 3 0 0 0 8 4 0
 0 0 0 0 1 0 0 0 0
 0 0 0 0 0 4 0 6 8
 4 0 0 3 0 8 0 7 0
 0 5 1 0 7 0 0 0 0

Solution found: 
 9 7 4 5 8 1 3 2 6
 6 8 5 2 3 9 7 1 4
 3 1 2 4 6 7 5 8 9
 1 6 7 8 4 5 9 3 2
 5 9 3 7 2 6 8 4 1
 2 4 8 9 1 3 6 5 7
 7 3 9 1 5 4 2 6 8
 4 2 6 3 9 8 1 7 5
 8 5 1 6 7 2 4 9 3

Time in µs: 99384


Initial status loaded from file: 'Sudoku9.csv' | id: 11 | difficulty: 2
 0 0 0 0 0 2 0 5 9
 0 0 8 0 0 4 6 0 0
 7 9 0 0 0 6 0 1 0
 0 2 7 4 0 0 8 6 0
 0 0 3 0 7 1 5 4 0
 0 0 0 8 0 0 0 0 0
 6 0 0 0 0 0 0 0 0
 0 0 0 0 0 0 3 8 0
 0 0 0 0 1 0 0 0 0

Solution found: 
 3 4 6 1 8 2 7 5 9
 1 5 8 7 9 4 6 2 3
 7 9 2 3 5 6 4 1 8
 5 2 7 4 3 9 8 6 1
 9 8 3 6 7 1 5 4 2
 4 6 1 8 2 5 9 3 7
 6 3 9 2 4 8 1 7 5
 2 1 5 9 6 7 3 8 4
 8 7 4 5 1 3 2 9 6

Time in µs: 701


Initial status loaded from file: 'Sudoku9.csv' | id: 12 | difficulty: 2
 2 4 0 0 0 8 0 0 0
 7 0 0 0 0 0 8 0 9
 0 5 0 4 0 0 3 0 0
 0 0 0 9 0 0 0 1 0
 0 0 5 0 0 0 0 0 4
 3 0 0 0 0 4 7 2 0
 0 6 0 1 0 0 2 0 8
 0 0 0 3 0 6 0 0 0
 0 0 7 0 8 0 6 0 0

Solution found: 
 2 4 9 6 3 8 1 5 7
 7 3 6 5 2 1 8 4 9
 1 5 8 4 9 7 3 6 2
 8 7 4 9 6 2 5 1 3
 6 2 5 7 1 3 9 8 4
 3 9 1 8 5 4 7 2 6
 9 6 3 1 4 5 2 7 8
 5 8 2 3 7 6 4 9 1
 4 1 7 2 8 9 6 3 5

Time in µs: 6199


Initial status loaded from file: 'Sudoku9.csv' | id: 13 | difficulty: 2
 0 0 0 9 2 0 4 1 0
 5 0 0 1 3 0 0 6 7
 0 0 0 0 0 0 0 0 0
 0 2 0 0 0 0 7 9 8
 0 0 0 8 1 0 0 0 0
 0 0 6 0 0 0 0 0 0
 6 0 4 0 5 0 0 0 0
 0 7 0 0 0 0 0 8 0
 1 5 0 6 0 0 0 0 0

Solution found: 
 3 6 8 9 2 7 4 1 5
 5 4 2 1 3 8 9 6 7
 9 1 7 5 4 6 8 2 3
 4 2 1 3 6 5 7 9 8
 7 3 5 8 1 9 6 4 2
 8 9 6 2 7 4 3 5 1
 6 8 4 7 5 2 1 3 9
 2 7 3 4 9 1 5 8 6
 1 5 9 6 8 3 2 7 4

Time in µs: 322


Initial status loaded from file: 'Sudoku9.csv' | id: 14 | difficulty: 2
 0 0 0 4 0 0 0 9 3
 0 3 0 0 0 0 0 0 5
 6 0 1 0 9 0 0 0 0
 0 0 2 3 7 0 0 0 0
 0 7 0 0 8 6 0 5 0
 0 0 0 0 0 0 7 0 2
 0 0 0 0 0 4 5 0 0
 0 0 9 6 3 0 4 0 0
 4 0 0 0 0 0 0 0 7

Solution found: 
 7 2 5 4 6 8 1 9 3
 9 3 8 7 2 1 6 4 5
 6 4 1 5 9 3 2 7 8
 5 6 2 3 7 9 8 1 4
 1 7 4 2 8 6 3 5 9
 8 9 3 1 4 5 7 6 2
 3 8 7 9 1 4 5 2 6
 2 5 9 6 3 7 4 8 1
 4 1 6 8 5 2 9 3 7

Time in µs: 9543


Initial status loaded from file: 'Sudoku9.csv' | id: 15 | difficulty: 2
 0 9 0 4 0 0 0 0 2
 8 0 4 0 5 0 0 0 0
 6 0 0 0 0 0 0 3 0
 0 0 0 3 0 6 0 0 9
 0 0 2 0 0 1 0 0 6
 5 0 0 0 8 0 1 0 0
 4 0 0 0 0 3 0 0 0
 0 0 0 0 0 0 0 9 0
 0 0 0 0 1 0 5 0 0

Solution found: 
 1 9 5 4 3 7 6 8 2
 8 3 4 6 5 2 9 7 1
 6 2 7 1 9 8 4 3 5
 7 4 1 3 2 6 8 5 9
 9 8 2 5 7 1 3 4 6
 5 6 3 9 8 4 1 2 7
 4 5 9 7 6 3 2 1 8
 2 1 6 8 4 5 7 9 3
 3 7 8 2 1 9 5 6 4

Time in µs: 212


Initial status loaded from file: 'Sudoku9.csv' | id: 16 | difficulty: 3
 0 3 0 7 9 0 0 0 0
 0 0 0 6 0 8 0 0 0
 0 2 7 0 0 5 0 0 0
 3 0 0 0 4 0 0 9 0
 0 0 0 8 0 9 4 0 0
 0 0 0 0 6 0 0 5 8
 0 0 0 0 8 2 0 0 1
 1 8 0 9 0 0 0 0 0
 7 0 5 0 0 0 6 0 0

Solution found: 
 6 3 4 7 9 1 8 2 5
 5 1 9 6 2 8 3 4 7
 8 2 7 4 3 5 1 6 9
 3 5 8 1 4 7 2 9 6
 2 7 6 8 5 9 4 1 3
 9 4 1 2 6 3 7 5 8
 4 6 3 5 8 2 9 7 1
 1 8 2 9 7 6 5 3 4
 7 9 5 3 1 4 6 8 2

Time in µs: 21537


Initial status loaded from file: 'Sudoku9.csv' | id: 17 | difficulty: 3
 0 0 3 0 0 0 9 0 0
 0 4 5 0 0 0 0 1 0
 0 0 0 0 0 4 7 2 0
 0 0 1 2 0 0 8 0 6
 7 0 0 0 6 3 0 0 0
 0 0 0 0 0 0 0 0 0
 0 5 0 7 2 9 0 0 0
 0 0 0 0 0 0 0 0 1
 0 8 9 3 0 5 0 0 0

Solution found: 
 6 7 3 1 5 2 9 8 4
 2 4 5 9 7 8 6 1 3
 9 1 8 6 3 4 7 2 5
 5 3 1 2 9 7 8 4 6
 7 9 4 8 6 3 1 5 2
 8 6 2 5 4 1 3 7 9
 1 5 6 7 2 9 4 3 8
 3 2 7 4 8 6 5 9 1
 4 8 9 3 1 5 2 6 7

Time in µs: 7658


Initial status loaded from file: 'Sudoku9.csv' | id: 18 | difficulty: 3
 0 0 0 0 1 0 7 0 5
 0 0 0 3 4 7 0 0 9
 0 0 0 9 0 0 1 4 0
 1 0 0 0 0 3 9 0 0
 0 2 0 0 0 0 0 0 0
 0 0 3 5 0 0 8 0 0
 0 0 6 4 0 5 0 8 0
 0 0 1 6 3 0 2 0 0
 2 0 0 7 0 0 0 0 0

Solution found: 
 6 4 9 2 1 8 7 3 5
 5 1 8 3 4 7 6 2 9
 3 7 2 9 5 6 1 4 8
 1 5 4 8 6 3 9 7 2
 8 2 7 1 9 4 5 6 3
 9 6 3 5 7 2 8 1 4
 7 9 6 4 2 5 3 8 1
 4 8 1 6 3 9 2 5 7
 2 3 5 7 8 1 4 9 6

Time in µs: 4553


Initial status loaded from file: 'Sudoku9.csv' | id: 19 | difficulty: 3
 4 0 3 0 0 0 0 7 0
 0 0 0 0 8 0 0 0 4
 0 0 0 2 0 0 0 0 0
 0 3 6 0 0 0 0 1 0
 0 0 0 0 0 0 6 9 0
 5 0 0 0 9 8 0 0 0
 0 0 0 0 0 5 0 0 8
 0 1 0 0 7 3 0 0 0
 0 0 5 4 0 0 3 0 0

Solution found: 
 4 8 3 5 6 9 2 7 1
 2 6 9 1 8 7 5 3 4
 1 5 7 2 3 4 9 8 6
 9 3 6 7 4 2 8 1 5
 7 4 8 3 5 1 6 9 2
 5 2 1 6 9 8 7 4 3
 3 7 4 9 2 5 1 6 8
 6 1 2 8 7 3 4 5 9
 8 9 5 4 1 6 3 2 7

Time in µs: 55833


Initial status loaded from file: 'Sudoku9.csv' | id: 20 | difficulty: 3
 0 0 0 0 4 0 0 0 6
 0 7 8 0 0 0 4 0 9
 0 0 0 0 2 7 1 0 8
 0 1 0 0 0 6 0 0 7
 0 0 9 1 0 0 0 0 0
 0 2 0 0 3 0 0 6 0
 5 0 0 0 0 8 0 2 0
 0 0 0 0 7 0 0 0 0
 0 9 0 0 0 0 0 0 0

Solution found: 
 1 5 3 8 4 9 2 7 6
 2 7 8 6 1 3 4 5 9
 9 4 6 5 2 7 1 3 8
 3 1 4 2 9 6 5 8 7
 7 6 9 1 8 5 3 4 2
 8 2 5 7 3 4 9 6 1
 5 3 1 9 6 8 7 2 4
 4 8 2 3 7 1 6 9 5
 6 9 7 4 5 2 8 1 3

Time in µs: 1326


Initial status loaded from file: 'Sudoku9.csv' | id: 21 | difficulty: 4
 3 2 0 0 0 0 0 0 0
 0 0 8 0 0 0 0 0 9
 0 0 5 6 9 0 3 0 2
 0 0 0 4 0 6 9 0 0
 1 0 0 0 7 0 0 0 0
 2 0 3 5 0 0 4 0 0
 0 0 0 0 0 0 5 0 0
 0 0 1 0 0 0 0 7 4
 0 0 0 7 0 0 8 0 3

Solution found: 
 3 2 9 1 5 4 7 6 8
 6 4 8 2 3 7 1 5 9
 7 1 5 6 9 8 3 4 2
 5 8 7 4 2 6 9 3 1
 1 9 4 8 7 3 6 2 5
 2 6 3 5 1 9 4 8 7
 4 7 2 3 8 1 5 9 6
 8 3 1 9 6 5 2 7 4
 9 5 6 7 4 2 8 1 3

Time in µs: 8082


Initial status loaded from file: 'Sudoku9.csv' | id: 22 | difficulty: 4
 8 7 0 0 0 0 0 0 9
 0 0 0 0 0 5 8 0 0
 0 0 3 6 4 0 0 0 0
 0 0 0 0 0 4 7 0 5
 0 0 0 0 0 0 2 0 0
 0 2 0 0 0 1 0 0 0
 0 0 6 0 2 0 9 0 0
 0 8 4 0 0 0 0 0 3
 0 9 0 5 0 0 0 0 0

Solution found: 
 8 7 5 1 3 2 4 6 9
 4 6 2 9 7 5 8 3 1
 9 1 3 6 4 8 5 7 2
 6 3 8 2 9 4 7 1 5
 5 4 1 3 6 7 2 9 8
 7 2 9 8 5 1 3 4 6
 1 5 6 4 2 3 9 8 7
 2 8 4 7 1 9 6 5 3
 3 9 7 5 8 6 1 2 4

Time in µs: 1830


Initial status loaded from file: 'Sudoku9.csv' | id: 23 | difficulty: 4
 1 0 0 0 0 0 0 0 8
 0 4 0 6 0 0 3 0 0
 6 0 0 0 2 0 4 0 9
 0 9 5 0 0 0 0 0 1
 0 0 0 0 3 0 2 0 0
 0 0 6 0 5 1 0 8 0
 0 3 0 0 0 7 0 0 0
 9 0 0 4 0 0 0 0 0
 0 0 2 0 6 3 0 0 0

Solution found: 
 1 5 7 3 4 9 6 2 8
 2 4 9 6 7 8 3 1 5
 6 8 3 1 2 5 4 7 9
 3 9 5 2 8 6 7 4 1
 8 7 1 9 3 4 2 5 6
 4 2 6 7 5 1 9 8 3
 5 3 4 8 9 7 1 6 2
 9 6 8 4 1 2 5 3 7
 7 1 2 5 6 3 8 9 4

Time in µs: 9081


Initial status loaded from file: 'Sudoku9.csv' | id: 24 | difficulty: 4
 0 0 0 0 0 0 0 0 7
 6 1 0 0 0 0 0 0 3
 0 0 0 0 0 0 6 2 0
 0 4 7 0 6 0 0 0 5
 0 0 6 0 0 0 2 7 0
 0 0 5 0 0 2 0 0 1
 0 0 1 7 0 4 0 3 6
 0 7 0 0 0 3 9 0 0
 8 0 0 0 9 0 0 0 0

Solution found: 
 4 3 8 2 5 6 1 9 7
 6 1 2 9 4 7 8 5 3
 7 5 9 3 1 8 6 2 4
 2 4 7 1 6 9 3 8 5
 1 8 6 4 3 5 2 7 9
 3 9 5 8 7 2 4 6 1
 9 2 1 7 8 4 5 3 6
 5 7 4 6 2 3 9 1 8
 8 6 3 5 9 1 7 4 2

Time in µs: 147554


Initial status loaded from file: 'Sudoku9.csv' | id: 25 | difficulty: 4
 8 0 0 1 0 5 0 0 0
 0 0 0 0 0 0 0 2 0
 0 0 4 9 0 0 3 0 0
 0 0 0 0 7 0 0 3 0
 0 0 1 0 4 8 0 0 0
 0 8 0 0 0 0 9 0 2
 7 0 6 0 0 0 0 0 0
 0 4 0 7 0 0 2 9 0
 2 9 8 0 0 0 0 6 3

Solution found: 
 8 6 2 1 3 5 4 7 9
 3 7 9 8 6 4 5 2 1
 5 1 4 9 2 7 3 8 6
 4 2 5 6 7 9 1 3 8
 9 3 1 2 4 8 6 5 7
 6 8 7 5 1 3 9 4 2
 7 5 6 3 9 2 8 1 4
 1 4 3 7 8 6 2 9 5
 2 9 8 4 5 1 7 6 3

Time in µs: 53506


Initial status loaded from file: 'Sudoku9.csv' | id: 26 | difficulty: 5
 5 0 0 0 1 3 0 0 0
 0 8 0 0 0 0 4 0 0
 2 0 0 0 0 0 0 0 1
 0 5 0 0 0 6 7 0 0
 0 0 0 4 0 0 8 3 0
 4 0 0 0 2 0 0 0 5
 0 0 0 0 5 0 0 7 0
 0 6 0 0 0 0 3 0 0
 8 0 0 0 0 2 0 0 9

Solution found: 
 5 9 4 6 1 3 2 8 7
 6 8 1 2 7 9 4 5 3
 2 7 3 5 8 4 9 6 1
 9 5 8 1 3 6 7 4 2
 7 1 2 4 9 5 8 3 6
 4 3 6 7 2 8 1 9 5
 3 2 9 8 5 1 6 7 4
 1 6 5 9 4 7 3 2 8
 8 4 7 3 6 2 5 1 9

Time in µs: 73815


Initial status loaded from file: 'Sudoku9.csv' | id: 27 | difficulty: 5
 8 9 7 0 6 0 2 0 0
 0 0 6 9 8 0 0 0 0
 0 0 0 0 5 0 0 0 0
 0 0 0 0 0 5 0 6 0
 0 0 4 0 3 0 0 0 0
 0 6 0 4 1 0 0 0 7
 0 0 0 2 0 0 5 0 1
 7 0 1 0 0 0 0 2 0
 9 0 0 0 0 0 6 0 0

Solution found: 
 8 9 7 1 6 4 2 3 5
 3 5 6 9 8 2 7 1 4
 4 1 2 3 5 7 8 9 6
 1 8 3 7 2 5 4 6 9
 5 7 4 6 3 9 1 8 2
 2 6 9 4 1 8 3 5 7
 6 4 8 2 9 3 5 7 1
 7 3 1 5 4 6 9 2 8
 9 2 5 8 7 1 6 4 3

Time in µs: 5148


Initial status loaded from file: 'Sudoku9.csv' | id: 28 | difficulty: 5
 0 8 0 1 3 0 0 7 0
 0 0 9 0 8 0 6 0 0
 0 0 0 5 0 9 0 0 2
 0 4 0 9 0 0 7 0 6
 0 0 0 0 4 0 0 2 0
 0 0 1 6 0 0 0 9 0
 4 5 0 0 0 0 0 8 0
 0 1 6 0 0 0 0 0 0
 0 0 2 0 0 3 0 0 0

Solution found: 
 6 8 4 1 3 2 5 7 9
 5 2 9 7 8 4 6 1 3
 1 3 7 5 6 9 8 4 2
 3 4 8 9 2 1 7 5 6
 9 6 5 3 4 7 1 2 8
 2 7 1 6 5 8 3 9 4
 4 5 3 2 7 6 9 8 1
 8 1 6 4 9 5 2 3 7
 7 9 2 8 1 3 4 6 5

Time in µs: 2970


Initial status loaded from file: 'Sudoku9.csv' | id: 29 | difficulty: 5
 1 0 0 0 6 0 0 0 8
 7 0 0 0 0 0 1 0 0
 0 0 5 0 3 1 0 0 0
 0 2 0 0 0 3 0 8 9
 0 0 4 2 0 5 0 0 1
 0 0 0 0 0 0 0 4 0
 0 9 0 8 0 0 0 0 0
 0 0 0 0 0 0 0 9 5
 0 0 0 0 7 0 6 0 2

Solution found: 
 1 4 2 5 6 9 3 7 8
 7 3 9 4 2 8 1 5 6
 8 6 5 7 3 1 9 2 4
 6 2 7 1 4 3 5 8 9
 3 8 4 2 9 5 7 6 1
 9 5 1 6 8 7 2 4 3
 2 9 3 8 5 6 4 1 7
 4 7 6 3 1 2 8 9 5
 5 1 8 9 7 4 6 3 2

Time in µs: 7936


Initial status loaded from file: 'Sudoku9.csv' | id: 30 | difficulty: 5
 0 0 0 7 1 0 9 0 0
 0 0 0 3 0 0 0 6 2
 4 0 0 0 0 5 0 3 0
 0 4 1 5 0 6 0 0 0
 6 0 0 0 2 3 0 0 1
 0 0 0 0 0 0 0 0 0
 0 7 0 0 0 0 0 9 0
 0 0 0 4 0 0 3 5 6
 0 0 0 0 0 0 0 0 0

Solution found: 
 2 6 3 7 1 4 9 8 5
 7 1 5 3 8 9 4 6 2
 4 8 9 2 6 5 1 3 7
 3 4 1 5 7 6 8 2 9
 6 9 7 8 2 3 5 4 1
 8 5 2 9 4 1 6 7 3
 5 7 6 1 3 8 2 9 4
 1 2 8 4 9 7 3 5 6
 9 3 4 6 5 2 7 1 8

Time in µs: 4093


Initial status loaded from file: 'Sudoku9.csv' | id: 31 | difficulty: 6
 0 3 0 4 0 9 0 1 0
 4 1 0 0 5 0 9 0 0
 0 0 0 0 0 1 0 5 0
 7 0 0 6 0 0 2 0 0
 0 0 4 0 8 0 0 0 9
 0 0 0 0 0 2 0 0 1
 0 0 6 0 0 0 0 3 0
 5 0 0 0 4 0 8 0 0
 0 0 2 0 0 0 0 0 0

Solution found: 
 8 3 5 4 2 9 6 1 7
 4 1 7 8 5 6 9 2 3
 2 6 9 7 3 1 4 5 8
 7 9 3 6 1 4 2 8 5
 1 2 4 5 8 7 3 6 9
 6 5 8 3 9 2 7 4 1
 9 4 6 1 7 8 5 3 2
 5 7 1 2 4 3 8 9 6
 3 8 2 9 6 5 1 7 4

Time in µs: 22055


Initial status loaded from file: 'Sudoku9.csv' | id: 32 | difficulty: 6
 2 0 0 0 0 5 0 0 6
 0 0 0 1 0 0 8 0 0
 0 7 0 0 0 0 4 0 0
 0 0 0 0 0 4 0 0 3
 0 0 1 0 0 3 9 0 2
 5 0 0 0 0 6 0 0 0
 4 0 0 9 0 8 0 0 0
 0 2 0 3 0 0 0 9 0
 0 0 0 7 0 0 0 0 0

Solution found: 
 2 1 9 4 8 5 7 3 6
 3 6 4 1 2 7 8 5 9
 8 7 5 6 3 9 4 2 1
 9 8 7 2 1 4 5 6 3
 6 4 1 5 7 3 9 8 2
 5 3 2 8 9 6 1 7 4
 4 5 3 9 6 8 2 1 7
 7 2 8 3 4 1 6 9 5
 1 9 6 7 5 2 3 4 8

Time in µs: 18264


Initial status loaded from file: 'Sudoku9.csv' | id: 33 | difficulty: 6
 5 0 0 0 0 0 3 0 0
 0 0 8 0 4 0 1 0 7
 6 0 0 0 0 0 5 0 0
 0 8 0 9 5 0 0 0 0
 0 0 0 0 0 4 0 0 0
 0 0 1 0 7 0 0 9 0
 0 0 0 0 8 5 0 0 0
 0 2 0 0 0 0 8 0 0
 0 0 7 4 0 6 0 0 5

Solution found: 
 5 1 4 7 6 8 3 2 9
 2 9 8 5 4 3 1 6 7
 6 7 3 2 1 9 5 8 4
 4 8 2 9 5 1 6 7 3
 7 6 9 8 3 4 2 5 1
 3 5 1 6 7 2 4 9 8
 9 4 6 1 8 5 7 3 2
 1 2 5 3 9 7 8 4 6
 8 3 7 4 2 6 9 1 5

Time in µs: 86025


Initial status loaded from file: 'Sudoku9.csv' | id: 34 | difficulty: 6
 2 0 0 0 8 0 9 1 7
 0 0 6 0 0 0 0 2 0
 0 9 0 0 0 0 0 0 6
 8 0 0 0 5 0 0 0 0
 9 0 0 8 0 0 0 7 0
 0 1 0 0 0 7 0 0 0
 7 0 0 0 0 0 0 9 3
 0 5 0 0 4 0 7 0 0
 0 3 0 0 0 2 0 0 5

Solution found: 
 2 4 3 6 8 5 9 1 7
 5 8 6 7 1 9 3 2 4
 1 9 7 4 2 3 8 5 6
 8 7 4 1 5 6 2 3 9
 9 6 2 8 3 4 5 7 1
 3 1 5 2 9 7 6 4 8
 7 2 1 5 6 8 4 9 3
 6 5 9 3 4 1 7 8 2
 4 3 8 9 7 2 1 6 5

Time in µs: 29903


Initial status loaded from file: 'Sudoku9.csv' | id: 35 | difficulty: 6
 0 0 2 0 1 9 0 6 0
 0 1 0 2 0 0 9 0 0
 9 0 0 0 7 5 0 0 0
 0 8 0 4 0 0 0 0 9
 0 0 0 0 0 0 3 0 0
 6 0 9 0 0 0 4 0 0
 0 0 0 0 0 0 0 1 0
 0 0 0 0 0 8 0 0 2
 1 0 0 3 5 0 0 0 0

Solution found: 
 5 3 2 8 1 9 7 6 4
 7 1 6 2 4 3 9 8 5
 9 4 8 6 7 5 2 3 1
 2 8 3 4 6 7 1 5 9
 4 5 1 9 8 2 3 7 6
 6 7 9 5 3 1 4 2 8
 8 9 5 7 2 4 6 1 3
 3 6 7 1 9 8 5 4 2
 1 2 4 3 5 6 8 9 7

Time in µs: 17052


Initial status loaded from file: 'Sudoku9.csv' | id: 36 | difficulty: 7
 7 0 3 0 8 1 2 6 0
 0 2 0 0 0 7 5 0 0
 0 0 0 0 6 0 0 0 0
 0 8 7 0 2 0 0 1 0
 4 0 0 7 0 0 0 2 0
 1 0 0 0 0 6 0 0 0
 0 0 9 0 4 0 0 7 0
 0 0 0 2 0 0 8 0 0
 0 0 0 0 0 0 0 4 0

Solution found: 
 7 9 3 5 8 1 2 6 4
 6 2 4 9 3 7 5 8 1
 8 1 5 4 6 2 7 9 3
 9 8 7 3 2 4 6 1 5
 4 3 6 7 1 5 9 2 8
 1 5 2 8 9 6 4 3 7
 5 6 9 1 4 8 3 7 2
 3 4 1 2 7 9 8 5 6
 2 7 8 6 5 3 1 4 9

Time in µs: 5437


Initial status loaded from file: 'Sudoku9.csv' | id: 37 | difficulty: 7
 0 0 7 0 0 0 0 0 1
 0 5 8 0 0 0 0 0 0
 6 0 1 9 7 0 0 0 2
 0 0 0 4 8 0 2 9 0
 0 0 0 0 0 0 3 0 6
 0 0 0 3 0 7 0 0 0
 0 0 0 0 0 0 0 0 0
 0 0 5 0 4 6 0 0 8
 0 6 0 0 1 0 0 5 0

Solution found: 
 2 4 7 6 3 5 9 8 1
 9 5 8 1 2 4 7 6 3
 6 3 1 9 7 8 5 4 2
 3 7 6 4 8 1 2 9 5
 1 8 4 5 9 2 3 7 6
 5 2 9 3 6 7 8 1 4
 4 1 3 8 5 9 6 2 7
 7 9 5 2 4 6 1 3 8
 8 6 2 7 1 3 4 5 9

Time in µs: 7007


Initial status loaded from file: 'Sudoku9.csv' | id: 38 | difficulty: 7
 0 0 7 0 0 0 0 0 1
 0 5 8 0 0 0 0 0 0
 6 0 1 9 7 0 0 0 2
 0 0 0 4 8 0 2 9 0
 0 0 0 0 0 0 3 0 6
 0 0 0 3 0 7 0 0 0
 0 0 0 0 0 0 0 0 0
 0 0 5 0 4 6 0 0 8
 0 6 0 0 1 0 0 5 0

Solution found: 
 2 4 7 6 3 5 9 8 1
 9 5 8 1 2 4 7 6 3
 6 3 1 9 7 8 5 4 2
 3 7 6 4 8 1 2 9 5
 1 8 4 5 9 2 3 7 6
 5 2 9 3 6 7 8 1 4
 4 1 3 8 5 9 6 2 7
 7 9 5 2 4 6 1 3 8
 8 6 2 7 1 3 4 5 9

Time in µs: 7003


Initial status loaded from file: 'Sudoku9.csv' | id: 39 | difficulty: 7
 0 0 7 0 0 0 0 0 1
 0 5 8 0 0 0 0 0 0
 6 0 1 9 7 0 0 0 2
 0 0 0 4 8 0 2 9 0
 0 0 0 0 0 0 3 0 6
 0 0 0 3 0 7 0 0 0
 0 0 0 0 0 0 0 0 0
 0 0 5 0 4 6 0 0 8
 0 6 0 0 1 0 0 5 0

Solution found: 
 2 4 7 6 3 5 9 8 1
 9 5 8 1 2 4 7 6 3
 6 3 1 9 7 8 5 4 2
 3 7 6 4 8 1 2 9 5
 1 8 4 5 9 2 3 7 6
 5 2 9 3 6 7 8 1 4
 4 1 3 8 5 9 6 2 7
 7 9 5 2 4 6 1 3 8
 8 6 2 7 1 3 4 5 9

Time in µs: 6968


Initial status loaded from file: 'Sudoku9.csv' | id: 40 | difficulty: 7
 0 0 7 0 0 0 0 0 1
 0 5 8 0 0 0 0 0 0
 6 0 1 9 7 0 0 0 2
 0 0 0 4 8 0 2 9 0
 0 0 0 0 0 0 3 0 6
 0 0 0 3 0 7 0 0 0
 0 0 0 0 0 0 0 0 0
 0 0 5 0 4 6 0 0 8
 0 6 0 0 1 0 0 5 0

Solution found: 
 2 4 7 6 3 5 9 8 1
 9 5 8 1 2 4 7 6 3
 6 3 1 9 7 8 5 4 2
 3 7 6 4 8 1 2 9 5
 1 8 4 5 9 2 3 7 6
 5 2 9 3 6 7 8 1 4
 4 1 3 8 5 9 6 2 7
 7 9 5 2 4 6 1 3 8
 8 6 2 7 1 3 4 5 9

Time in µs: 6967


Initial status loaded from file: 'Sudoku9.csv' | id: 41 | difficulty: 8
 3 2 0 0 0 0 0 0 0
 0 0 8 0 0 0 0 0 9
 0 0 5 6 9 0 3 0 2
 0 0 0 4 0 6 9 0 0
 1 0 0 0 7 0 0 0 0
 2 0 3 5 0 0 4 0 0
 0 0 0 0 0 0 5 0 0
 0 0 1 0 0 0 0 7 4
 0 0 0 7 0 0 8 0 0

Solution found: 
 3 2 9 1 4 5 7 6 8
 6 4 8 2 3 7 1 5 9
 7 1 5 6 9 8 3 4 2
 5 8 7 4 1 6 9 2 3
 1 9 4 3 7 2 6 8 5
 2 6 3 5 8 9 4 1 7
 8 7 6 9 2 4 5 3 1
 9 5 1 8 6 3 2 7 4
 4 3 2 7 5 1 8 9 6

Time in µs: 508


Initial status loaded from file: 'Sudoku9.csv' | id: 42 | difficulty: 8
 8 7 0 0 0 0 0 0 9
 0 0 0 0 0 5 8 0 0
 0 0 3 6 4 0 0 0 0
 0 0 0 0 0 4 7 0 5
 0 0 0 0 0 0 2 0 0
 0 2 0 0 0 1 0 0 0
 0 0 6 0 2 0 9 0 0
 0 8 4 0 0 0 0 0 0
 0 9 0 5 0 0 0 0 0

Solution found: 
 8 7 5 1 3 2 4 6 9
 4 6 2 9 7 5 8 1 3
 9 1 3 6 4 8 5 2 7
 6 3 1 2 9 4 7 8 5
 5 4 8 3 6 7 2 9 1
 7 2 9 8 5 1 3 4 6
 1 5 6 4 2 3 9 7 8
 3 8 4 7 1 9 6 5 2
 2 9 7 5 8 6 1 3 4

Time in µs: 2196


Initial status loaded from file: 'Sudoku9.csv' | id: 43 | difficulty: 8
 0 0 0 0 0 0 0 0 8
 0 4 0 6 0 0 3 0 0
 6 0 0 0 2 0 4 0 9
 0 9 5 0 0 0 0 0 1
 0 0 0 0 3 0 2 0 0
 0 0 6 0 5 1 0 8 0
 0 3 0 0 0 7 0 0 0
 9 0 0 4 0 0 0 0 0
 0 0 2 0 6 3 0 0 0

Solution found: 
 1 5 7 3 4 9 6 2 8
 2 4 9 6 7 8 3 1 5
 6 8 3 1 2 5 4 7 9
 3 9 5 2 8 6 7 4 1
 8 7 1 9 3 4 2 5 6
 4 2 6 7 5 1 9 8 3
 5 3 4 8 9 7 1 6 2
 9 6 8 4 1 2 5 3 7
 7 1 2 5 6 3 8 9 4

Time in µs: 9079


Initial status loaded from file: 'Sudoku9.csv' | id: 44 | difficulty: 9
 3 0 0 0 0 0 0 0 7
 6 1 0 0 0 0 0 0 3
 0 0 0 0 0 0 6 2 0
 0 4 7 0 6 0 0 0 5
 0 0 6 0 0 0 2 7 0
 0 0 5 0 0 2 0 0 1
 0 0 1 7 0 4 0 3 6
 0 7 0 0 0 3 9 0 0
 8 0 0 0 9 0 0 0 0

No solution for that problem.
Time in µs: 79850


Initial status loaded from file: 'Sudoku9.csv' | id: 45 | difficulty: 9
 8 5 0 1 0 5 0 0 0
 0 0 0 0 0 0 0 2 0
 0 0 4 9 0 0 3 0 0
 0 0 0 0 7 0 0 3 0
 0 0 1 0 4 8 0 0 0
 0 8 0 0 0 0 9 0 2
 7 0 6 0 0 0 0 0 0
 0 4 0 7 0 0 2 9 0
 2 9 8 0 0 0 0 6 3

No solution for that problem.
Time in µs: 3453


Initial status loaded from file: 'Sudoku9.csv' | id: 46 | difficulty: 9
 5 8 0 0 1 3 0 0 0
 0 8 0 0 0 0 4 0 0
 2 0 0 0 0 0 0 0 1
 0 5 0 0 0 6 7 0 0
 0 0 0 4 0 0 8 3 0
 4 0 0 0 2 0 0 0 5
 0 0 0 0 5 0 0 7 0
 0 6 0 0 0 0 3 0 0
 8 0 0 0 0 2 0 0 9

No solution for that problem.
Time in µs: 3412


---------------------------------------
Sudoku 16x16 experiment
Initial status:
 0 15 0 1 0 2 10 14 12 0 0 0 0 0 0 0
 0 6 3 16 12 0 8 4 14 15 1 0 2 0 0 0
 14 0 9 7 11 3 15 0 0 0 0 0 0 0 0 0
 4 13 2 12 0 0 0 0 6 0 0 0 0 15 0 0
 0 0 0 0 14 1 11 7 3 5 10 0 0 8 0 12
 3 16 0 0 2 4 0 0 0 14 7 13 0 0 5 15
 11 0 5 0 0 0 0 0 0 9 4 0 0 6 0 0
 0 0 0 0 13 0 16 5 15 0 0 12 0 0 0 0
 0 0 0 0 9 0 1 12 0 8 3 10 11 0 15 0
 2 12 0 11 0 0 14 3 5 4 0 0 0 0 9 0
 6 3 0 4 0 0 13 0 0 11 9 1 0 12 16 2
 0 0 10 9 0 0 0 0 0 0 12 0 8 0 6 7
 12 8 0 0 16 0 0 10 0 13 0 0 0 5 0 0
 5 0 0 0 3 0 4 6 0 1 15 0 0 0 0 0
 0 9 1 6 0 14 0 11 0 0 2 0 0 0 10 8
 0 14 0 0 0 13 9 0 4 12 11 8 0 0 2 0

Solution found: 
 8 15 11 1 6 2 10 14 12 7 13 3 16 9 4 5
 10 6 3 16 12 5 8 4 14 15 1 9 2 11 7 13
 14 5 9 7 11 3 15 13 8 2 16 4 12 10 1 6
 4 13 2 12 1 9 7 16 6 10 5 11 3 15 8 14
 9 2 6 15 14 1 11 7 3 5 10 16 4 8 13 12
 3 16 12 8 2 4 6 9 11 14 7 13 10 1 5 15
 11 10 5 13 8 12 3 15 1 9 4 2 7 6 14 16
 1 4 7 14 13 10 16 5 15 6 8 12 9 2 3 11
 13 7 16 5 9 6 1 12 2 8 3 10 11 14 15 4
 2 12 8 11 7 16 14 3 5 4 6 15 1 13 9 10
 6 3 14 4 10 15 13 8 7 11 9 1 5 12 16 2
 15 1 10 9 4 11 5 2 13 16 12 14 8 3 6 7
 12 8 4 3 16 7 2 10 9 13 14 6 15 5 11 1
 5 11 13 2 3 8 4 6 10 1 15 7 14 16 12 9
 7 9 1 6 15 14 12 11 16 3 2 5 13 4 10 8
 16 14 15 10 5 13 9 1 4 12 11 8 6 7 2 3

Time in µs: 12789203


