30614
15184
5105
1397
18179
566
6360
12438
18247
99497
699
6196
323
9427
212
21923
7581
4826
56981
1331
8128
1831
9796
153037
53903
74069
5120
2969
7959
4073
22340
18369
86355
30219
16997
5431
6972
6995
6975
7363
509
2255
9186
80511
3481
3394
14054316
34135
15866
5478
1452
20603
621
6640
12222
17932
99266
698
6336
322
9524
220
21246
7620
4534
56695
1325
8254
1868
9051
149539
53716
73462
5189
3127
7895
4054
22601
18399
85427
29984
16993
5880
7110
7000
6952
6953
509
2199
9052
80318
3510
2986
12900706
